200
18293
17983
4082
25809
962
29685
2870
24850
21268
3843
8004
29828
11304
17085
23406
32062
4242
30461
630
1035
12986
28184
175
27141
15652
32529
3422
5222
7924
16397
31590
2714
433
13575
32037
15001
19529
22213
24473
22387
22357
1547
199
1580
13983
16142
1373
19659
15329
8491
4502
30638
5840
7897
2398
26912
13913
27101
7095
1838
20267
28605
7515
15286
11125
31350
30370
15040
10225
18801
10407
785
545
14004
11686
19710
23513
15446
14505
23423
6141
28213
6244
25476
29836
15339
16733
32140
1501
3837
17232
21875
30505
6486
11729
3211
13386
26612
10291
495
24770
3554
16553
29972
16383
31590
13995
13985
29406
21883
17563
23425
11885
24961
11433
9782
20469
22836
3316
6768
29240
15067
16113
28382
26615
27073
17937
20804
16311
13033
4510
12494
13509
2558
5606
676
12664
4745
156
13502
18102
18791
3195
17146
15545
25209
14380
8811
8467
11933
25706
30452
30192
7645
7524
18198
26268
12775
4963
8711
9541
29885
1708
27652
22017
18350
10920
17639
11027
7813
17474
15612
5738
31488
1937
19473
13418
15492
30903
16076
21487
6158
21513
3650
16271
19565
16752
21956
11296
26287
22286
23292
28794
10969
12069
23610
27262
29915
5429
6408
